%YAML:1.0
left:
   - { x:127, y:60 }
   - { x:205, y:381 }
   - { x:401, y:288 }
   - { x:401, y:57 }
right:
   - { x:402, y:57 }
   - { x:401, y:288 }
   - { x:605, y:374 }
   - { x:685, y:60 }
bottom:
   - { x:206, y:381 }
   - { x:422, y:576 }
   - { x:605, y:374 }
   - { x:401, y:289 }
physicalLength:
   - { x:0, y:0 }
   - { x:0, y:30 }
   - { x:30, y:30 }
   - { x:30, y:0 }
correspondence2D:
   - { x:127, y:60 }
   - { x:205, y:381 }
   - { x:401, y:288 }
   - { x:401, y:57 }
   - { x:605, y:374 }
   - { x:685, y:60 }
   - { x:422, y:576 }
correspondence3D:
   - { x:50, y:0, z:50 }
   - { x:50, y:0, z:0 }
   - { x:0, y:0, z:0 }
   - { x:0, y:0, z:50 }
   - { x:0, y:50, z:0 }
   - { x:0, y:50, z:50 }
   - { x:50, y:50, z:0 }
